3479282447669583875534185615187148564639823293216697322133424628189453763977981766686619714448827725
7641398470242805614365711255808687991554856414313756739884091236127252522936770126056464850411227203
1339021243195213563218419470331740970389922044047750777428976411396812519528178316670978637852691185
0724661758707089197827243633388208595725067731588248709992549688052423072164484282682130368803115040
7642712416665318530236324727662636932893270403373085418589768798693618674871238947164309989934688793
2992568244438516580625763246328309496607862420062123298725911970713261181648668608893993179918585865
8381877248556696087577062248883298058035081886899852416004551508373809648762140179249837612128704303
7763809856727594680426605147473087604759208685169657230133326768941035425102762231646297733180022834
5613268971147333075151944635857115867337525915194931522478012172770157977485915459204632071586705492
3796091130461287007027015482295025970616774097739703377582682972064843650302182778980814211087750382
3793762765128542676852581865527091598175160878220102552439652425874364527004021421399095115103382506
9455568408873388278704807496389403762541704210816622472801450458318593111256376734659080195432970014
0927324304543522912501582307379379559030379301153968125739007047041182894397497898850374833431471637
2044939213617967556600168588083672629145387136646835158919522175408719427514294298225228765090876942
1071369530592321846829883017141877560073207121492557263249239293733023763254536470893977465651335105
0046437202601981668297638727590991398810200782305422973871377611268703724141947698398759916434214802
2911639065047922464866008653403711645075935487029403151838217954436009539977860447609305242866795614
7705184344696006846404666270626878772839605958486371629951631005412559145641638527766121495007570172
9157720233226015692474614099801495841524118791816181881828308462896284806276418329650575356253919525
8292108199991843194317091141614294221766935775706210453470276319389716016811733837437650121039290530
7645110909519428516103439758157505153099166789644454261872561855805874799885272649761049981320284498
9472736293006072312973421216924581099036772902229132752527345708101363341931061304442365914695331337
7842165319213289251159888742610387779926689261348924636618828754685127826404475661400784512998293504
9124934516147619054101240905163520074110669368705528823859022150514815136870571928741191733035842660
9233878861535398799981064184285317702426684661928790647281453009385360697993152937749200002646454675
8430081979721347535020707890456988497937806595107263585706456749376951894086640356978060052808505214
2835349428245512246656680007358975973956795470916474521735116292813429866134831038242099684035918860
2906113212249634785360214354455294236378198660631095354242027755723210338092908097321402472665480867
0693081268350890370437119974846054695983320605988966887682018531394527797227375936959131163387109465
8953435889185997360682212979784931917511856285832921923014014092509888816489988081159376932909787085
3710289751917448707911099406624326663155123596432142264743582420012823663268808404877704185603088629
7031132667639804136458913469789171664246956721251394651741934823216276184382993984066775705064686231
5008066785582854954062802628670838561595942298412948249750666198383169006352435332300958920695508257
9751482949823367537356161924819365391587363436822586069112598072476454946237264133384036673778278558
0881741643629073921765315394175742736724137688745917534337439299056525140553233090537393983271522759
2010516456767150197872250045225444671063849968242066008743981350845577599123132360165747746374047427
4527179886562885928513855020902472768227109233562049298299305930497256281104732653159815718210927748
6032381785538973117506768498717154632897113386525817429112937009512115735668933310099534705203498351
5474772676032411472288896713520463307171001324015990925432159894638268390990808639994507574166569622
1120737718744559219187644393319972246946464286381556103075589900419298593145211128879641954952164956
0766845016975810044757002270497750620827810258612234074331903517707713735365682974960620942307218224
1061038267395611594722755913328856263754767804644385307721835517055223919695098744061065044258397283
3115668705249270173752316509756099331450734122348160256922783227546595271145887609649859248062282803
5874319237448804708983323673574603535621026050816087685862982390873162934946826380957528898462501440
7239278119178202203236960396977881490078182930777029557868559597014283736652069808772034379167288563
4600423853953299557953684428469645480037965139876519794756986967720599017241745715993813031430315003
0098662934388743567506999082667080771475065730434885265919341775760079127604622811050956037913019991
2562677329314835896170464621595903202332259144545872955735699456355378375678807014702207603592616576
5325753175370298230424198902158833187707726407873273620183302517080288330221598311199519975358091129
0890678861187806984515223196541402051575162130303246721519532792810796714248206961467211983540877620
